/*--------------------------------*- C++ -*----------------------------------*\
  =========                 |
  \\      /  F ield         | OpenFOAM: The Open Source CFD Toolbox
   \\    /   O peration     | Website:  https://openfoam.org
    \\  /    A nd           | Version:  6
     \\/     M anipulation  |
\*---------------------------------------------------------------------------*/
FoamFile
{
    version     2.0;
    format      ascii;
    class       labelList;
    note        "nPoints: 9900 nCells: 6000 nFaces: 21600 nInternalFaces: 14400";
    location    "constant/polyMesh";
    object      neighbour;
}
// * * * * * * * * * * * * * * * * * * * * * * * * * * * * * * * * * * * * * //


14400
(
1
10
750
5240
2
11
751
5241
3
12
752
5242
4
13
753
5243
5
14
754
5244
6
15
755
5245
7
16
756
5246
8
17
757
5247
9
18
758
5248
19
759
5249
11
20
760
12
21
761
13
22
762
14
23
763
15
24
764
16
25
765
17
26
766
18
27
767
19
28
768
29
769
21
30
770
22
31
771
23
32
772
24
33
773
25
34
774
26
35
775
27
36
776
28
37
777
29
38
778
39
779
31
40
780
32
41
781
33
42
782
34
43
783
35
44
784
36
45
785
37
46
786
38
47
787
39
48
788
49
789
41
50
790
42
51
791
43
52
792
44
53
793
45
54
794
46
55
795
47
56
796
48
57
797
49
58
798
59
799
51
60
800
52
61
801
53
62
802
54
63
803
55
64
804
56
65
805
57
66
806
58
67
807
59
68
808
69
809
61
70
810
62
71
811
63
72
812
64
73
813
65
74
814
66
75
815
67
76
816
68
77
817
69
78
818
79
819
71
80
820
72
81
821
73
82
822
74
83
823
75
84
824
76
85
825
77
86
826
78
87
827
79
88
828
89
829
81
90
830
82
91
831
83
92
832
84
93
833
85
94
834
86
95
835
87
96
836
88
97
837
89
98
838
99
839
91
100
840
92
101
841
93
102
842
94
103
843
95
104
844
96
105
845
97
106
846
98
107
847
99
108
848
109
849
101
110
850
102
111
851
103
112
852
104
113
853
105
114
854
106
115
855
107
116
856
108
117
857
109
118
858
119
859
111
120
860
112
121
861
113
122
862
114
123
863
115
124
864
116
125
865
117
126
866
118
127
867
119
128
868
129
869
121
130
870
122
131
871
123
132
872
124
133
873
125
134
874
126
135
875
127
136
876
128
137
877
129
138
878
139
879
131
140
880
132
141
881
133
142
882
134
143
883
135
144
884
136
145
885
137
146
886
138
147
887
139
148
888
149
889
141
150
890
142
151
891
143
152
892
144
153
893
145
154
894
146
155
895
147
156
896
148
157
897
149
158
898
159
899
151
160
900
152
161
901
153
162
902
154
163
903
155
164
904
156
165
905
157
166
906
158
167
907
159
168
908
169
909
161
170
910
162
171
911
163
172
912
164
173
913
165
174
914
166
175
915
167
176
916
168
177
917
169
178
918
179
919
171
180
920
172
181
921
173
182
922
174
183
923
175
184
924
176
185
925
177
186
926
178
187
927
179
188
928
189
929
181
190
930
182
191
931
183
192
932
184
193
933
185
194
934
186
195
935
187
196
936
188
197
937
189
198
938
199
939
191
200
940
192
201
941
193
202
942
194
203
943
195
204
944
196
205
945
197
206
946
198
207
947
199
208
948
209
949
201
210
950
202
211
951
203
212
952
204
213
953
205
214
954
206
215
955
207
216
956
208
217
957
209
218
958
219
959
211
220
960
212
221
961
213
222
962
214
223
963
215
224
964
216
225
965
217
226
966
218
227
967
219
228
968
229
969
221
230
970
222
231
971
223
232
972
224
233
973
225
234
974
226
235
975
227
236
976
228
237
977
229
238
978
239
979
231
240
980
232
241
981
233
242
982
234
243
983
235
244
984
236
245
985
237
246
986
238
247
987
239
248
988
249
989
241
250
990
242
251
991
243
252
992
244
253
993
245
254
994
246
255
995
247
256
996
248
257
997
249
258
998
259
999
251
260
1000
252
261
1001
253
262
1002
254
263
1003
255
264
1004
256
265
1005
257
266
1006
258
267
1007
259
268
1008
269
1009
261
270
1010
262
271
1011
263
272
1012
264
273
1013
265
274
1014
266
275
1015
267
276
1016
268
277
1017
269
278
1018
279
1019
271
280
1020
272
281
1021
273
282
1022
274
283
1023
275
284
1024
276
285
1025
277
286
1026
278
287
1027
279
288
1028
289
1029
281
290
1030
282
291
1031
283
292
1032
284
293
1033
285
294
1034
286
295
1035
287
296
1036
288
297
1037
289
298
1038
299
1039
291
300
1040
292
301
1041
293
302
1042
294
303
1043
295
304
1044
296
305
1045
297
306
1046
298
307
1047
299
308
1048
309
1049
301
310
1050
302
311
1051
303
312
1052
304
313
1053
305
314
1054
306
315
1055
307
316
1056
308
317
1057
309
318
1058
319
1059
311
320
1060
312
321
1061
313
322
1062
314
323
1063
315
324
1064
316
325
1065
317
326
1066
318
327
1067
319
328
1068
329
1069
321
330
1070
322
331
1071
323
332
1072
324
333
1073
325
334
1074
326
335
1075
327
336
1076
328
337
1077
329
338
1078
339
1079
331
340
1080
332
341
1081
333
342
1082
334
343
1083
335
344
1084
336
345
1085
337
346
1086
338
347
1087
339
348
1088
349
1089
341
350
1090
342
351
1091
343
352
1092
344
353
1093
345
354
1094
346
355
1095
347
356
1096
348
357
1097
349
358
1098
359
1099
351
360
1100
352
361
1101
353
362
1102
354
363
1103
355
364
1104
356
365
1105
357
366
1106
358
367
1107
359
368
1108
369
1109
361
370
1110
362
371
1111
363
372
1112
364
373
1113
365
374
1114
366
375
1115
367
376
1116
368
377
1117
369
378
1118
379
1119
371
380
1120
372
381
1121
373
382
1122
374
383
1123
375
384
1124
376
385
1125
377
386
1126
378
387
1127
379
388
1128
389
1129
381
390
1130
382
391
1131
383
392
1132
384
393
1133
385
394
1134
386
395
1135
387
396
1136
388
397
1137
389
398
1138
399
1139
391
400
1140
392
401
1141
393
402
1142
394
403
1143
395
404
1144
396
405
1145
397
406
1146
398
407
1147
399
408
1148
409
1149
401
410
1150
402
411
1151
403
412
1152
404
413
1153
405
414
1154
406
415
1155
407
416
1156
408
417
1157
409
418
1158
419
1159
411
420
1160
412
421
1161
413
422
1162
414
423
1163
415
424
1164
416
425
1165
417
426
1166
418
427
1167
419
428
1168
429
1169
421
430
1170
422
431
1171
423
432
1172
424
433
1173
425
434
1174
426
435
1175
427
436
1176
428
437
1177
429
438
1178
439
1179
431
440
1180
432
441
1181
433
442
1182
434
443
1183
435
444
1184
436
445
1185
437
446
1186
438
447
1187
439
448
1188
449
1189
441
450
1190
442
451
1191
443
452
1192
444
453
1193
445
454
1194
446
455
1195
447
456
1196
448
457
1197
449
458
1198
459
1199
451
460
1200
452
461
1201
453
462
1202
454
463
1203
455
464
1204
456
465
1205
457
466
1206
458
467
1207
459
468
1208
469
1209
461
470
1210
462
471
1211
463
472
1212
464
473
1213
465
474
1214
466
475
1215
467
476
1216
468
477
1217
469
478
1218
479
1219
471
480
1220
472
481
1221
473
482
1222
474
483
1223
475
484
1224
476
485
1225
477
486
1226
478
487
1227
479
488
1228
489
1229
481
490
1230
482
491
1231
483
492
1232
484
493
1233
485
494
1234
486
495
1235
487
496
1236
488
497
1237
489
498
1238
499
1239
491
500
1240
492
501
1241
493
502
1242
494
503
1243
495
504
1244
496
505
1245
497
506
1246
498
507
1247
499
508
1248
509
1249
501
510
1250
502
511
1251
503
512
1252
504
513
1253
505
514
1254
506
515
1255
507
516
1256
508
517
1257
509
518
1258
519
1259
511
520
1260
512
521
1261
513
522
1262
514
523
1263
515
524
1264
516
525
1265
517
526
1266
518
527
1267
519
528
1268
529
1269
521
530
1270
522
531
1271
523
532
1272
524
533
1273
525
534
1274
526
535
1275
527
536
1276
528
537
1277
529
538
1278
539
1279
531
540
1280
532
541
1281
533
542
1282
534
543
1283
535
544
1284
536
545
1285
537
546
1286
538
547
1287
539
548
1288
549
1289
541
550
1290
542
551
1291
543
552
1292
544
553
1293
545
554
1294
546
555
1295
547
556
1296
548
557
1297
549
558
1298
559
1299
551
560
1300
552
561
1301
553
562
1302
554
563
1303
555
564
1304
556
565
1305
557
566
1306
558
567
1307
559
568
1308
569
1309
561
570
1310
562
571
1311
563
572
1312
564
573
1313
565
574
1314
566
575
1315
567
576
1316
568
577
1317
569
578
1318
579
1319
571
580
1320
572
581
1321
573
582
1322
574
583
1323
575
584
1324
576
585
1325
577
586
1326
578
587
1327
579
588
1328
589
1329
581
590
1330
582
591
1331
583
592
1332
584
593
1333
585
594
1334
586
595
1335
587
596
1336
588
597
1337
589
598
1338
599
1339
591
600
1340
592
601
1341
593
602
1342
594
603
1343
595
604
1344
596
605
1345
597
606
1346
598
607
1347
599
608
1348
609
1349
601
610
1350
602
611
1351
603
612
1352
604
613
1353
605
614
1354
606
615
1355
607
616
1356
608
617
1357
609
618
1358
619
1359
611
620
1360
612
621
1361
613
622
1362
614
623
1363
615
624
1364
616
625
1365
617
626
1366
618
627
1367
619
628
1368
629
1369
621
630
1370
622
631
1371
623
632
1372
624
633
1373
625
634
1374
626
635
1375
627
636
1376
628
637
1377
629
638
1378
639
1379
631
640
1380
632
641
1381
633
642
1382
634
643
1383
635
644
1384
636
645
1385
637
646
1386
638
647
1387
639
648
1388
649
1389
641
650
1390
642
651
1391
643
652
1392
644
653
1393
645
654
1394
646
655
1395
647
656
1396
648
657
1397
649
658
1398
659
1399
651
660
1400
652
661
1401
653
662
1402
654
663
1403
655
664
1404
656
665
1405
657
666
1406
658
667
1407
659
668
1408
669
1409
661
670
1410
662
671
1411
663
672
1412
664
673
1413
665
674
1414
666
675
1415
667
676
1416
668
677
1417
669
678
1418
679
1419
671
680
1420
672
681
1421
673
682
1422
674
683
1423
675
684
1424
676
685
1425
677
686
1426
678
687
1427
679
688
1428
689
1429
681
690
1430
682
691
1431
683
692
1432
684
693
1433
685
694
1434
686
695
1435
687
696
1436
688
697
1437
689
698
1438
699
1439
691
700
1440
692
701
1441
693
702
1442
694
703
1443
695
704
1444
696
705
1445
697
706
1446
698
707
1447
699
708
1448
709
1449
701
710
1450
702
711
1451
703
712
1452
704
713
1453
705
714
1454
706
715
1455
707
716
1456
708
717
1457
709
718
1458
719
1459
711
720
1460
712
721
1461
713
722
1462
714
723
1463
715
724
1464
716
725
1465
717
726
1466
718
727
1467
719
728
1468
729
1469
721
730
1470
722
731
1471
723
732
1472
724
733
1473
725
734
1474
726
735
1475
727
736
1476
728
737
1477
729
738
1478
739
1479
731
740
1480
732
741
1481
733
742
1482
734
743
1483
735
744
1484
736
745
1485
737
746
1486
738
747
1487
739
748
1488
749
1489
741
1490
1500
742
1491
1501
743
1492
1502
744
1493
1503
745
1494
1504
746
1495
1505
747
1496
1506
748
1497
1507
749
1498
1508
1499
1509
751
760
5990
752
761
5991
753
762
5992
754
763
5993
755
764
5994
756
765
5995
757
766
5996
758
767
5997
759
768
5998
769
5999
761
770
762
771
763
772
764
773
765
774
766
775
767
776
768
777
769
778
779
771
780
772
781
773
782
774
783
775
784
776
785
777
786
778
787
779
788
789
781
790
782
791
783
792
784
793
785
794
786
795
787
796
788
797
789
798
799
791
800
792
801
793
802
794
803
795
804
796
805
797
806
798
807
799
808
809
801
810
802
811
803
812
804
813
805
814
806
815
807
816
808
817
809
818
819
811
820
812
821
813
822
814
823
815
824
816
825
817
826
818
827
819
828
829
821
830
822
831
823
832
824
833
825
834
826
835
827
836
828
837
829
838
839
831
840
832
841
833
842
834
843
835
844
836
845
837
846
838
847
839
848
849
841
850
842
851
843
852
844
853
845
854
846
855
847
856
848
857
849
858
859
851
860
852
861
853
862
854
863
855
864
856
865
857
866
858
867
859
868
869
861
870
862
871
863
872
864
873
865
874
866
875
867
876
868
877
869
878
879
871
880
872
881
873
882
874
883
875
884
876
885
877
886
878
887
879
888
889
881
890
882
891
883
892
884
893
885
894
886
895
887
896
888
897
889
898
899
891
900
892
901
893
902
894
903
895
904
896
905
897
906
898
907
899
908
909
901
910
902
911
903
912
904
913
905
914
906
915
907
916
908
917
909
918
919
911
920
912
921
913
922
914
923
915
924
916
925
917
926
918
927
919
928
929
921
930
922
931
923
932
924
933
925
934
926
935
927
936
928
937
929
938
939
931
940
932
941
933
942
934
943
935
944
936
945
937
946
938
947
939
948
949
941
950
942
951
943
952
944
953
945
954
946
955
947
956
948
957
949
958
959
951
960
952
961
953
962
954
963
955
964
956
965
957
966
958
967
959
968
969
961
970
962
971
963
972
964
973
965
974
966
975
967
976
968
977
969
978
979
971
980
972
981
973
982
974
983
975
984
976
985
977
986
978
987
979
988
989
981
990
982
991
983
992
984
993
985
994
986
995
987
996
988
997
989
998
999
991
1000
992
1001
993
1002
994
1003
995
1004
996
1005
997
1006
998
1007
999
1008
1009
1001
1010
1002
1011
1003
1012
1004
1013
1005
1014
1006
1015
1007
1016
1008
1017
1009
1018
1019
1011
1020
1012
1021
1013
1022
1014
1023
1015
1024
1016
1025
1017
1026
1018
1027
1019
1028
1029
1021
1030
1022
1031
1023
1032
1024
1033
1025
1034
1026
1035
1027
1036
1028
1037
1029
1038
1039
1031
1040
1032
1041
1033
1042
1034
1043
1035
1044
1036
1045
1037
1046
1038
1047
1039
1048
1049
1041
1050
1042
1051
1043
1052
1044
1053
1045
1054
1046
1055
1047
1056
1048
1057
1049
1058
1059
1051
1060
1052
1061
1053
1062
1054
1063
1055
1064
1056
1065
1057
1066
1058
1067
1059
1068
1069
1061
1070
1062
1071
1063
1072
1064
1073
1065
1074
1066
1075
1067
1076
1068
1077
1069
1078
1079
1071
1080
1072
1081
1073
1082
1074
1083
1075
1084
1076
1085
1077
1086
1078
1087
1079
1088
1089
1081
1090
1082
1091
1083
1092
1084
1093
1085
1094
1086
1095
1087
1096
1088
1097
1089
1098
1099
1091
1100
1092
1101
1093
1102
1094
1103
1095
1104
1096
1105
1097
1106
1098
1107
1099
1108
1109
1101
1110
1102
1111
1103
1112
1104
1113
1105
1114
1106
1115
1107
1116
1108
1117
1109
1118
1119
1111
1120
1112
1121
1113
1122
1114
1123
1115
1124
1116
1125
1117
1126
1118
1127
1119
1128
1129
1121
1130
1122
1131
1123
1132
1124
1133
1125
1134
1126
1135
1127
1136
1128
1137
1129
1138
1139
1131
1140
1132
1141
1133
1142
1134
1143
1135
1144
1136
1145
1137
1146
1138
1147
1139
1148
1149
1141
1150
1142
1151
1143
1152
1144
1153
1145
1154
1146
1155
1147
1156
1148
1157
1149
1158
1159
1151
1160
1152
1161
1153
1162
1154
1163
1155
1164
1156
1165
1157
1166
1158
1167
1159
1168
1169
1161
1170
1162
1171
1163
1172
1164
1173
1165
1174
1166
1175
1167
1176
1168
1177
1169
1178
1179
1171
1180
1172
1181
1173
1182
1174
1183
1175
1184
1176
1185
1177
1186
1178
1187
1179
1188
1189
1181
1190
1182
1191
1183
1192
1184
1193
1185
1194
1186
1195
1187
1196
1188
1197
1189
1198
1199
1191
1200
1192
1201
1193
1202
1194
1203
1195
1204
1196
1205
1197
1206
1198
1207
1199
1208
1209
1201
1210
1202
1211
1203
1212
1204
1213
1205
1214
1206
1215
1207
1216
1208
1217
1209
1218
1219
1211
1220
1212
1221
1213
1222
1214
1223
1215
1224
1216
1225
1217
1226
1218
1227
1219
1228
1229
1221
1230
1222
1231
1223
1232
1224
1233
1225
1234
1226
1235
1227
1236
1228
1237
1229
1238
1239
1231
1240
1232
1241
1233
1242
1234
1243
1235
1244
1236
1245
1237
1246
1238
1247
1239
1248
1249
1241
1250
1242
1251
1243
1252
1244
1253
1245
1254
1246
1255
1247
1256
1248
1257
1249
1258
1259
1251
1260
1252
1261
1253
1262
1254
1263
1255
1264
1256
1265
1257
1266
1258
1267
1259
1268
1269
1261
1270
1262
1271
1263
1272
1264
1273
1265
1274
1266
1275
1267
1276
1268
1277
1269
1278
1279
1271
1280
1272
1281
1273
1282
1274
1283
1275
1284
1276
1285
1277
1286
1278
1287
1279
1288
1289
1281
1290
1282
1291
1283
1292
1284
1293
1285
1294
1286
1295
1287
1296
1288
1297
1289
1298
1299
1291
1300
1292
1301
1293
1302
1294
1303
1295
1304
1296
1305
1297
1306
1298
1307
1299
1308
1309
1301
1310
1302
1311
1303
1312
1304
1313
1305
1314
1306
1315
1307
1316
1308
1317
1309
1318
1319
1311
1320
1312
1321
1313
1322
1314
1323
1315
1324
1316
1325
1317
1326
1318
1327
1319
1328
1329
1321
1330
1322
1331
1323
1332
1324
1333
1325
1334
1326
1335
1327
1336
1328
1337
1329
1338
1339
1331
1340
1332
1341
1333
1342
1334
1343
1335
1344
1336
1345
1337
1346
1338
1347
1339
1348
1349
1341
1350
1342
1351
1343
1352
1344
1353
1345
1354
1346
1355
1347
1356
1348
1357
1349
1358
1359
1351
1360
1352
1361
1353
1362
1354
1363
1355
1364
1356
1365
1357
1366
1358
1367
1359
1368
1369
1361
1370
1362
1371
1363
1372
1364
1373
1365
1374
1366
1375
1367
1376
1368
1377
1369
1378
1379
1371
1380
1372
1381
1373
1382
1374
1383
1375
1384
1376
1385
1377
1386
1378
1387
1379
1388
1389
1381
1390
1382
1391
1383
1392
1384
1393
1385
1394
1386
1395
1387
1396
1388
1397
1389
1398
1399
1391
1400
1392
1401
1393
1402
1394
1403
1395
1404
1396
1405
1397
1406
1398
1407
1399
1408
1409
1401
1410
1402
1411
1403
1412
1404
1413
1405
1414
1406
1415
1407
1416
1408
1417
1409
1418
1419
1411
1420
1412
1421
1413
1422
1414
1423
1415
1424
1416
1425
1417
1426
1418
1427
1419
1428
1429
1421
1430
1422
1431
1423
1432
1424
1433
1425
1434
1426
1435
1427
1436
1428
1437
1429
1438
1439
1431
1440
1432
1441
1433
1442
1434
1443
1435
1444
1436
1445
1437
1446
1438
1447
1439
1448
1449
1441
1450
1442
1451
1443
1452
1444
1453
1445
1454
1446
1455
1447
1456
1448
1457
1449
1458
1459
1451
1460
1452
1461
1453
1462
1454
1463
1455
1464
1456
1465
1457
1466
1458
1467
1459
1468
1469
1461
1470
1462
1471
1463
1472
1464
1473
1465
1474
1466
1475
1467
1476
1468
1477
1469
1478
1479
1471
1480
1472
1481
1473
1482
1474
1483
1475
1484
1476
1485
1477
1486
1478
1487
1479
1488
1489
1481
1490
1482
1491
1483
1492
1484
1493
1485
1494
1486
1495
1487
1496
1488
1497
1489
1498
1499
1491
2250
1492
2251
1493
2252
1494
2253
1495
2254
1496
2255
1497
2256
1498
2257
1499
2258
2259
1501
1510
2250
1502
1511
2251
1503
1512
2252
1504
1513
2253
1505
1514
2254
1506
1515
2255
1507
1516
2256
1508
1517
2257
1509
1518
2258
1519
2259
1511
1520
2260
1512
1521
2261
1513
1522
2262
1514
1523
2263
1515
1524
2264
1516
1525
2265
1517
1526
2266
1518
1527
2267
1519
1528
2268
1529
2269
1521
1530
2270
1522
1531
2271
1523
1532
2272
1524
1533
2273
1525
1534
2274
1526
1535
2275
1527
1536
2276
1528
1537
2277
1529
1538
2278
1539
2279
1531
1540
2280
1532
1541
2281
1533
1542
2282
1534
1543
2283
1535
1544
2284
1536
1545
2285
1537
1546
2286
1538
1547
2287
1539
1548
2288
1549
2289
1541
1550
2290
1542
1551
2291
1543
1552
2292
1544
1553
2293
1545
1554
2294
1546
1555
2295
1547
1556
2296
1548
1557
2297
1549
1558
2298
1559
2299
1551
1560
2300
1552
1561
2301
1553
1562
2302
1554
1563
2303
1555
1564
2304
1556
1565
2305
1557
1566
2306
1558
1567
2307
1559
1568
2308
1569
2309
1561
1570
2310
1562
1571
2311
1563
1572
2312
1564
1573
2313
1565
1574
2314
1566
1575
2315
1567
1576
2316
1568
1577
2317
1569
1578
2318
1579
2319
1571
1580
2320
1572
1581
2321
1573
1582
2322
1574
1583
2323
1575
1584
2324
1576
1585
2325
1577
1586
2326
1578
1587
2327
1579
1588
2328
1589
2329
1581
1590
2330
1582
1591
2331
1583
1592
2332
1584
1593
2333
1585
1594
2334
1586
1595
2335
1587
1596
2336
1588
1597
2337
1589
1598
2338
1599
2339
1591
1600
2340
1592
1601
2341
1593
1602
2342
1594
1603
2343
1595
1604
2344
1596
1605
2345
1597
1606
2346
1598
1607
2347
1599
1608
2348
1609
2349
1601
1610
2350
1602
1611
2351
1603
1612
2352
1604
1613
2353
1605
1614
2354
1606
1615
2355
1607
1616
2356
1608
1617
2357
1609
1618
2358
1619
2359
1611
1620
2360
1612
1621
2361
1613
1622
2362
1614
1623
2363
1615
1624
2364
1616
1625
2365
1617
1626
2366
1618
1627
2367
1619
1628
2368
1629
2369
1621
1630
2370
1622
1631
2371
1623
1632
2372
1624
1633
2373
1625
1634
2374
1626
1635
2375
1627
1636
2376
1628
1637
2377
1629
1638
2378
1639
2379
1631
1640
2380
1632
1641
2381
1633
1642
2382
1634
1643
2383
1635
1644
2384
1636
1645
2385
1637
1646
2386
1638
1647
2387
1639
1648
2388
1649
2389
1641
1650
2390
1642
1651
2391
1643
1652
2392
1644
1653
2393
1645
1654
2394
1646
1655
2395
1647
1656
2396
1648
1657
2397
1649
1658
2398
1659
2399
1651
1660
2400
1652
1661
2401
1653
1662
2402
1654
1663
2403
1655
1664
2404
1656
1665
2405
1657
1666
2406
1658
1667
2407
1659
1668
2408
1669
2409
1661
1670
2410
1662
1671
2411
1663
1672
2412
1664
1673
2413
1665
1674
2414
1666
1675
2415
1667
1676
2416
1668
1677
2417
1669
1678
2418
1679
2419
1671
1680
2420
1672
1681
2421
1673
1682
2422
1674
1683
2423
1675
1684
2424
1676
1685
2425
1677
1686
2426
1678
1687
2427
1679
1688
2428
1689
2429
1681
1690
2430
1682
1691
2431
1683
1692
2432
1684
1693
2433
1685
1694
2434
1686
1695
2435
1687
1696
2436
1688
1697
2437
1689
1698
2438
1699
2439
1691
1700
2440
1692
1701
2441
1693
1702
2442
1694
1703
2443
1695
1704
2444
1696
1705
2445
1697
1706
2446
1698
1707
2447
1699
1708
2448
1709
2449
1701
1710
2450
1702
1711
2451
1703
1712
2452
1704
1713
2453
1705
1714
2454
1706
1715
2455
1707
1716
2456
1708
1717
2457
1709
1718
2458
1719
2459
1711
1720
2460
1712
1721
2461
1713
1722
2462
1714
1723
2463
1715
1724
2464
1716
1725
2465
1717
1726
2466
1718
1727
2467
1719
1728
2468
1729
2469
1721
1730
2470
1722
1731
2471
1723
1732
2472
1724
1733
2473
1725
1734
2474
1726
1735
2475
1727
1736
2476
1728
1737
2477
1729
1738
2478
1739
2479
1731
1740
2480
1732
1741
2481
1733
1742
2482
1734
1743
2483
1735
1744
2484
1736
1745
2485
1737
1746
2486
1738
1747
2487
1739
1748
2488
1749
2489
1741
1750
2490
1742
1751
2491
1743
1752
2492
1744
1753
2493
1745
1754
2494
1746
1755
2495
1747
1756
2496
1748
1757
2497
1749
1758
2498
1759
2499
1751
1760
2500
1752
1761
2501
1753
1762
2502
1754
1763
2503
1755
1764
2504
1756
1765
2505
1757
1766
2506
1758
1767
2507
1759
1768
2508
1769
2509
1761
1770
2510
1762
1771
2511
1763
1772
2512
1764
1773
2513
1765
1774
2514
1766
1775
2515
1767
1776
2516
1768
1777
2517
1769
1778
2518
1779
2519
1771
1780
2520
1772
1781
2521
1773
1782
2522
1774
1783
2523
1775
1784
2524
1776
1785
2525
1777
1786
2526
1778
1787
2527
1779
1788
2528
1789
2529
1781
1790
2530
1782
1791
2531
1783
1792
2532
1784
1793
2533
1785
1794
2534
1786
1795
2535
1787
1796
2536
1788
1797
2537
1789
1798
2538
1799
2539
1791
1800
2540
1792
1801
2541
1793
1802
2542
1794
1803
2543
1795
1804
2544
1796
1805
2545
1797
1806
2546
1798
1807
2547
1799
1808
2548
1809
2549
1801
1810
2550
1802
1811
2551
1803
1812
2552
1804
1813
2553
1805
1814
2554
1806
1815
2555
1807
1816
2556
1808
1817
2557
1809
1818
2558
1819
2559
1811
1820
2560
1812
1821
2561
1813
1822
2562
1814
1823
2563
1815
1824
2564
1816
1825
2565
1817
1826
2566
1818
1827
2567
1819
1828
2568
1829
2569
1821
1830
2570
1822
1831
2571
1823
1832
2572
1824
1833
2573
1825
1834
2574
1826
1835
2575
1827
1836
2576
1828
1837
2577
1829
1838
2578
1839
2579
1831
1840
2580
1832
1841
2581
1833
1842
2582
1834
1843
2583
1835
1844
2584
1836
1845
2585
1837
1846
2586
1838
1847
2587
1839
1848
2588
1849
2589
1841
1850
2590
1842
1851
2591
1843
1852
2592
1844
1853
2593
1845
1854
2594
1846
1855
2595
1847
1856
2596
1848
1857
2597
1849
1858
2598
1859
2599
1851
1860
2600
1852
1861
2601
1853
1862
2602
1854
1863
2603
1855
1864
2604
1856
1865
2605
1857
1866
2606
1858
1867
2607
1859
1868
2608
1869
2609
1861
1870
2610
1862
1871
2611
1863
1872
2612
1864
1873
2613
1865
1874
2614
1866
1875
2615
1867
1876
2616
1868
1877
2617
1869
1878
2618
1879
2619
1871
1880
2620
1872
1881
2621
1873
1882
2622
1874
1883
2623
1875
1884
2624
1876
1885
2625
1877
1886
2626
1878
1887
2627
1879
1888
2628
1889
2629
1881
1890
2630
1882
1891
2631
1883
1892
2632
1884
1893
2633
1885
1894
2634
1886
1895
2635
1887
1896
2636
1888
1897
2637
1889
1898
2638
1899
2639
1891
1900
2640
1892
1901
2641
1893
1902
2642
1894
1903
2643
1895
1904
2644
1896
1905
2645
1897
1906
2646
1898
1907
2647
1899
1908
2648
1909
2649
1901
1910
2650
1902
1911
2651
1903
1912
2652
1904
1913
2653
1905
1914
2654
1906
1915
2655
1907
1916
2656
1908
1917
2657
1909
1918
2658
1919
2659
1911
1920
2660
1912
1921
2661
1913
1922
2662
1914
1923
2663
1915
1924
2664
1916
1925
2665
1917
1926
2666
1918
1927
2667
1919
1928
2668
1929
2669
1921
1930
2670
1922
1931
2671
1923
1932
2672
1924
1933
2673
1925
1934
2674
1926
1935
2675
1927
1936
2676
1928
1937
2677
1929
1938
2678
1939
2679
1931
1940
2680
1932
1941
2681
1933
1942
2682
1934
1943
2683
1935
1944
2684
1936
1945
2685
1937
1946
2686
1938
1947
2687
1939
1948
2688
1949
2689
1941
1950
2690
1942
1951
2691
1943
1952
2692
1944
1953
2693
1945
1954
2694
1946
1955
2695
1947
1956
2696
1948
1957
2697
1949
1958
2698
1959
2699
1951
1960
2700
1952
1961
2701
1953
1962
2702
1954
1963
2703
1955
1964
2704
1956
1965
2705
1957
1966
2706
1958
1967
2707
1959
1968
2708
1969
2709
1961
1970
2710
1962
1971
2711
1963
1972
2712
1964
1973
2713
1965
1974
2714
1966
1975
2715
1967
1976
2716
1968
1977
2717
1969
1978
2718
1979
2719
1971
1980
2720
1972
1981
2721
1973
1982
2722
1974
1983
2723
1975
1984
2724
1976
1985
2725
1977
1986
2726
1978
1987
2727
1979
1988
2728
1989
2729
1981
1990
2730
1982
1991
2731
1983
1992
2732
1984
1993
2733
1985
1994
2734
1986
1995
2735
1987
1996
2736
1988
1997
2737
1989
1998
2738
1999
2739
1991
2000
2740
1992
2001
2741
1993
2002
2742
1994
2003
2743
1995
2004
2744
1996
2005
2745
1997
2006
2746
1998
2007
2747
1999
2008
2748
2009
2749
2001
2010
2750
2002
2011
2751
2003
2012
2752
2004
2013
2753
2005
2014
2754
2006
2015
2755
2007
2016
2756
2008
2017
2757
2009
2018
2758
2019
2759
2011
2020
2760
2012
2021
2761
2013
2022
2762
2014
2023
2763
2015
2024
2764
2016
2025
2765
2017
2026
2766
2018
2027
2767
2019
2028
2768
2029
2769
2021
2030
2770
2022
2031
2771
2023
2032
2772
2024
2033
2773
2025
2034
2774
2026
2035
2775
2027
2036
2776
2028
2037
2777
2029
2038
2778
2039
2779
2031
2040
2780
2032
2041
2781
2033
2042
2782
2034
2043
2783
2035
2044
2784
2036
2045
2785
2037
2046
2786
2038
2047
2787
2039
2048
2788
2049
2789
2041
2050
2790
2042
2051
2791
2043
2052
2792
2044
2053
2793
2045
2054
2794
2046
2055
2795
2047
2056
2796
2048
2057
2797
2049
2058
2798
2059
2799
2051
2060
2800
2052
2061
2801
2053
2062
2802
2054
2063
2803
2055
2064
2804
2056
2065
2805
2057
2066
2806
2058
2067
2807
2059
2068
2808
2069
2809
2061
2070
2810
2062
2071
2811
2063
2072
2812
2064
2073
2813
2065
2074
2814
2066
2075
2815
2067
2076
2816
2068
2077
2817
2069
2078
2818
2079
2819
2071
2080
2820
2072
2081
2821
2073
2082
2822
2074
2083
2823
2075
2084
2824
2076
2085
2825
2077
2086
2826
2078
2087
2827
2079
2088
2828
2089
2829
2081
2090
2830
2082
2091
2831
2083
2092
2832
2084
2093
2833
2085
2094
2834
2086
2095
2835
2087
2096
2836
2088
2097
2837
2089
2098
2838
2099
2839
2091
2100
2840
2092
2101
2841
2093
2102
2842
2094
2103
2843
2095
2104
2844
2096
2105
2845
2097
2106
2846
2098
2107
2847
2099
2108
2848
2109
2849
2101
2110
2850
2102
2111
2851
2103
2112
2852
2104
2113
2853
2105
2114
2854
2106
2115
2855
2107
2116
2856
2108
2117
2857
2109
2118
2858
2119
2859
2111
2120
2860
2112
2121
2861
2113
2122
2862
2114
2123
2863
2115
2124
2864
2116
2125
2865
2117
2126
2866
2118
2127
2867
2119
2128
2868
2129
2869
2121
2130
2870
2122
2131
2871
2123
2132
2872
2124
2133
2873
2125
2134
2874
2126
2135
2875
2127
2136
2876
2128
2137
2877
2129
2138
2878
2139
2879
2131
2140
2880
2132
2141
2881
2133
2142
2882
2134
2143
2883
2135
2144
2884
2136
2145
2885
2137
2146
2886
2138
2147
2887
2139
2148
2888
2149
2889
2141
2150
2890
2142
2151
2891
2143
2152
2892
2144
2153
2893
2145
2154
2894
2146
2155
2895
2147
2156
2896
2148
2157
2897
2149
2158
2898
2159
2899
2151
2160
2900
2152
2161
2901
2153
2162
2902
2154
2163
2903
2155
2164
2904
2156
2165
2905
2157
2166
2906
2158
2167
2907
2159
2168
2908
2169
2909
2161
2170
2910
2162
2171
2911
2163
2172
2912
2164
2173
2913
2165
2174
2914
2166
2175
2915
2167
2176
2916
2168
2177
2917
2169
2178
2918
2179
2919
2171
2180
2920
2172
2181
2921
2173
2182
2922
2174
2183
2923
2175
2184
2924
2176
2185
2925
2177
2186
2926
2178
2187
2927
2179
2188
2928
2189
2929
2181
2190
2930
2182
2191
2931
2183
2192
2932
2184
2193
2933
2185
2194
2934
2186
2195
2935
2187
2196
2936
2188
2197
2937
2189
2198
2938
2199
2939
2191
2200
2940
2192
2201
2941
2193
2202
2942
2194
2203
2943
2195
2204
2944
2196
2205
2945
2197
2206
2946
2198
2207
2947
2199
2208
2948
2209
2949
2201
2210
2950
2202
2211
2951
2203
2212
2952
2204
2213
2953
2205
2214
2954
2206
2215
2955
2207
2216
2956
2208
2217
2957
2209
2218
2958
2219
2959
2211
2220
2960
2212
2221
2961
2213
2222
2962
2214
2223
2963
2215
2224
2964
2216
2225
2965
2217
2226
2966
2218
2227
2967
2219
2228
2968
2229
2969
2221
2230
2970
2222
2231
2971
2223
2232
2972
2224
2233
2973
2225
2234
2974
2226
2235
2975
2227
2236
2976
2228
2237
2977
2229
2238
2978
2239
2979
2231
2240
2980
2232
2241
2981
2233
2242
2982
2234
2243
2983
2235
2244
2984
2236
2245
2985
2237
2246
2986
2238
2247
2987
2239
2248
2988
2249
2989
2241
2990
3000
2242
2991
3001
2243
2992
3002
2244
2993
3003
2245
2994
3004
2246
2995
3005
2247
2996
3006
2248
2997
3007
2249
2998
3008
2999
3009
2251
2260
2252
2261
2253
2262
2254
2263
2255
2264
2256
2265
2257
2266
2258
2267
2259
2268
2269
2261
2270
2262
2271
2263
2272
2264
2273
2265
2274
2266
2275
2267
2276
2268
2277
2269
2278
2279
2271
2280
2272
2281
2273
2282
2274
2283
2275
2284
2276
2285
2277
2286
2278
2287
2279
2288
2289
2281
2290
2282
2291
2283
2292
2284
2293
2285
2294
2286
2295
2287
2296
2288
2297
2289
2298
2299
2291
2300
2292
2301
2293
2302
2294
2303
2295
2304
2296
2305
2297
2306
2298
2307
2299
2308
2309
2301
2310
2302
2311
2303
2312
2304
2313
2305
2314
2306
2315
2307
2316
2308
2317
2309
2318
2319
2311
2320
2312
2321
2313
2322
2314
2323
2315
2324
2316
2325
2317
2326
2318
2327
2319
2328
2329
2321
2330
2322
2331
2323
2332
2324
2333
2325
2334
2326
2335
2327
2336
2328
2337
2329
2338
2339
2331
2340
2332
2341
2333
2342
2334
2343
2335
2344
2336
2345
2337
2346
2338
2347
2339
2348
2349
2341
2350
2342
2351
2343
2352
2344
2353
2345
2354
2346
2355
2347
2356
2348
2357
2349
2358
2359
2351
2360
2352
2361
2353
2362
2354
2363
2355
2364
2356
2365
2357
2366
2358
2367
2359
2368
2369
2361
2370
2362
2371
2363
2372
2364
2373
2365
2374
2366
2375
2367
2376
2368
2377
2369
2378
2379
2371
2380
2372
2381
2373
2382
2374
2383
2375
2384
2376
2385
2377
2386
2378
2387
2379
2388
2389
2381
2390
2382
2391
2383
2392
2384
2393
2385
2394
2386
2395
2387
2396
2388
2397
2389
2398
2399
2391
2400
2392
2401
2393
2402
2394
2403
2395
2404
2396
2405
2397
2406
2398
2407
2399
2408
2409
2401
2410
2402
2411
2403
2412
2404
2413
2405
2414
2406
2415
2407
2416
2408
2417
2409
2418
2419
2411
2420
2412
2421
2413
2422
2414
2423
2415
2424
2416
2425
2417
2426
2418
2427
2419
2428
2429
2421
2430
2422
2431
2423
2432
2424
2433
2425
2434
2426
2435
2427
2436
2428
2437
2429
2438
2439
2431
2440
2432
2441
2433
2442
2434
2443
2435
2444
2436
2445
2437
2446
2438
2447
2439
2448
2449
2441
2450
2442
2451
2443
2452
2444
2453
2445
2454
2446
2455
2447
2456
2448
2457
2449
2458
2459
2451
2460
2452
2461
2453
2462
2454
2463
2455
2464
2456
2465
2457
2466
2458
2467
2459
2468
2469
2461
2470
2462
2471
2463
2472
2464
2473
2465
2474
2466
2475
2467
2476
2468
2477
2469
2478
2479
2471
2480
2472
2481
2473
2482
2474
2483
2475
2484
2476
2485
2477
2486
2478
2487
2479
2488
2489
2481
2490
2482
2491
2483
2492
2484
2493
2485
2494
2486
2495
2487
2496
2488
2497
2489
2498
2499
2491
2500
2492
2501
2493
2502
2494
2503
2495
2504
2496
2505
2497
2506
2498
2507
2499
2508
2509
2501
2510
2502
2511
2503
2512
2504
2513
2505
2514
2506
2515
2507
2516
2508
2517
2509
2518
2519
2511
2520
2512
2521
2513
2522
2514
2523
2515
2524
2516
2525
2517
2526
2518
2527
2519
2528
2529
2521
2530
2522
2531
2523
2532
2524
2533
2525
2534
2526
2535
2527
2536
2528
2537
2529
2538
2539
2531
2540
2532
2541
2533
2542
2534
2543
2535
2544
2536
2545
2537
2546
2538
2547
2539
2548
2549
2541
2550
2542
2551
2543
2552
2544
2553
2545
2554
2546
2555
2547
2556
2548
2557
2549
2558
2559
2551
2560
2552
2561
2553
2562
2554
2563
2555
2564
2556
2565
2557
2566
2558
2567
2559
2568
2569
2561
2570
2562
2571
2563
2572
2564
2573
2565
2574
2566
2575
2567
2576
2568
2577
2569
2578
2579
2571
2580
2572
2581
2573
2582
2574
2583
2575
2584
2576
2585
2577
2586
2578
2587
2579
2588
2589
2581
2590
2582
2591
2583
2592
2584
2593
2585
2594
2586
2595
2587
2596
2588
2597
2589
2598
2599
2591
2600
2592
2601
2593
2602
2594
2603
2595
2604
2596
2605
2597
2606
2598
2607
2599
2608
2609
2601
2610
2602
2611
2603
2612
2604
2613
2605
2614
2606
2615
2607
2616
2608
2617
2609
2618
2619
2611
2620
2612
2621
2613
2622
2614
2623
2615
2624
2616
2625
2617
2626
2618
2627
2619
2628
2629
2621
2630
2622
2631
2623
2632
2624
2633
2625
2634
2626
2635
2627
2636
2628
2637
2629
2638
2639
2631
2640
2632
2641
2633
2642
2634
2643
2635
2644
2636
2645
2637
2646
2638
2647
2639
2648
2649
2641
2650
2642
2651
2643
2652
2644
2653
2645
2654
2646
2655
2647
2656
2648
2657
2649
2658
2659
2651
2660
2652
2661
2653
2662
2654
2663
2655
2664
2656
2665
2657
2666
2658
2667
2659
2668
2669
2661
2670
2662
2671
2663
2672
2664
2673
2665
2674
2666
2675
2667
2676
2668
2677
2669
2678
2679
2671
2680
2672
2681
2673
2682
2674
2683
2675
2684
2676
2685
2677
2686
2678
2687
2679
2688
2689
2681
2690
2682
2691
2683
2692
2684
2693
2685
2694
2686
2695
2687
2696
2688
2697
2689
2698
2699
2691
2700
2692
2701
2693
2702
2694
2703
2695
2704
2696
2705
2697
2706
2698
2707
2699
2708
2709
2701
2710
2702
2711
2703
2712
2704
2713
2705
2714
2706
2715
2707
2716
2708
2717
2709
2718
2719
2711
2720
2712
2721
2713
2722
2714
2723
2715
2724
2716
2725
2717
2726
2718
2727
2719
2728
2729
2721
2730
2722
2731
2723
2732
2724
2733
2725
2734
2726
2735
2727
2736
2728
2737
2729
2738
2739
2731
2740
2732
2741
2733
2742
2734
2743
2735
2744
2736
2745
2737
2746
2738
2747
2739
2748
2749
2741
2750
2742
2751
2743
2752
2744
2753
2745
2754
2746
2755
2747
2756
2748
2757
2749
2758
2759
2751
2760
2752
2761
2753
2762
2754
2763
2755
2764
2756
2765
2757
2766
2758
2767
2759
2768
2769
2761
2770
2762
2771
2763
2772
2764
2773
2765
2774
2766
2775
2767
2776
2768
2777
2769
2778
2779
2771
2780
2772
2781
2773
2782
2774
2783
2775
2784
2776
2785
2777
2786
2778
2787
2779
2788
2789
2781
2790
2782
2791
2783
2792
2784
2793
2785
2794
2786
2795
2787
2796
2788
2797
2789
2798
2799
2791
2800
2792
2801
2793
2802
2794
2803
2795
2804
2796
2805
2797
2806
2798
2807
2799
2808
2809
2801
2810
2802
2811
2803
2812
2804
2813
2805
2814
2806
2815
2807
2816
2808
2817
2809
2818
2819
2811
2820
2812
2821
2813
2822
2814
2823
2815
2824
2816
2825
2817
2826
2818
2827
2819
2828
2829
2821
2830
2822
2831
2823
2832
2824
2833
2825
2834
2826
2835
2827
2836
2828
2837
2829
2838
2839
2831
2840
2832
2841
2833
2842
2834
2843
2835
2844
2836
2845
2837
2846
2838
2847
2839
2848
2849
2841
2850
2842
2851
2843
2852
2844
2853
2845
2854
2846
2855
2847
2856
2848
2857
2849
2858
2859
2851
2860
2852
2861
2853
2862
2854
2863
2855
2864
2856
2865
2857
2866
2858
2867
2859
2868
2869
2861
2870
2862
2871
2863
2872
2864
2873
2865
2874
2866
2875
2867
2876
2868
2877
2869
2878
2879
2871
2880
2872
2881
2873
2882
2874
2883
2875
2884
2876
2885
2877
2886
2878
2887
2879
2888
2889
2881
2890
2882
2891
2883
2892
2884
2893
2885
2894
2886
2895
2887
2896
2888
2897
2889
2898
2899
2891
2900
2892
2901
2893
2902
2894
2903
2895
2904
2896
2905
2897
2906
2898
2907
2899
2908
2909
2901
2910
2902
2911
2903
2912
2904
2913
2905
2914
2906
2915
2907
2916
2908
2917
2909
2918
2919
2911
2920
2912
2921
2913
2922
2914
2923
2915
2924
2916
2925
2917
2926
2918
2927
2919
2928
2929
2921
2930
2922
2931
2923
2932
2924
2933
2925
2934
2926
2935
2927
2936
2928
2937
2929
2938
2939
2931
2940
2932
2941
2933
2942
2934
2943
2935
2944
2936
2945
2937
2946
2938
2947
2939
2948
2949
2941
2950
2942
2951
2943
2952
2944
2953
2945
2954
2946
2955
2947
2956
2948
2957
2949
2958
2959
2951
2960
2952
2961
2953
2962
2954
2963
2955
2964
2956
2965
2957
2966
2958
2967
2959
2968
2969
2961
2970
2962
2971
2963
2972
2964
2973
2965
2974
2966
2975
2967
2976
2968
2977
2969
2978
2979
2971
2980
2972
2981
2973
2982
2974
2983
2975
2984
2976
2985
2977
2986
2978
2987
2979
2988
2989
2981
2990
2982
2991
2983
2992
2984
2993
2985
2994
2986
2995
2987
2996
2988
2997
2989
2998
2999
2991
3750
2992
3751
2993
3752
2994
3753
2995
3754
2996
3755
2997
3756
2998
3757
2999
3758
3759
3001
3010
3750
3002
3011
3751
3003
3012
3752
3004
3013
3753
3005
3014
3754
3006
3015
3755
3007
3016
3756
3008
3017
3757
3009
3018
3758
3019
3759
3011
3020
3760
3012
3021
3761
3013
3022
3762
3014
3023
3763
3015
3024
3764
3016
3025
3765
3017
3026
3766
3018
3027
3767
3019
3028
3768
3029
3769
3021
3030
3770
3022
3031
3771
3023
3032
3772
3024
3033
3773
3025
3034
3774
3026
3035
3775
3027
3036
3776
3028
3037
3777
3029
3038
3778
3039
3779
3031
3040
3780
3032
3041
3781
3033
3042
3782
3034
3043
3783
3035
3044
3784
3036
3045
3785
3037
3046
3786
3038
3047
3787
3039
3048
3788
3049
3789
3041
3050
3790
3042
3051
3791
3043
3052
3792
3044
3053
3793
3045
3054
3794
3046
3055
3795
3047
3056
3796
3048
3057
3797
3049
3058
3798
3059
3799
3051
3060
3800
3052
3061
3801
3053
3062
3802
3054
3063
3803
3055
3064
3804
3056
3065
3805
3057
3066
3806
3058
3067
3807
3059
3068
3808
3069
3809
3061
3070
3810
3062
3071
3811
3063
3072
3812
3064
3073
3813
3065
3074
3814
3066
3075
3815
3067
3076
3816
3068
3077
3817
3069
3078
3818
3079
3819
3071
3080
3820
3072
3081
3821
3073
3082
3822
3074
3083
3823
3075
3084
3824
3076
3085
3825
3077
3086
3826
3078
3087
3827
3079
3088
3828
3089
3829
3081
3090
3830
3082
3091
3831
3083
3092
3832
3084
3093
3833
3085
3094
3834
3086
3095
3835
3087
3096
3836
3088
3097
3837
3089
3098
3838
3099
3839
3091
3100
3840
3092
3101
3841
3093
3102
3842
3094
3103
3843
3095
3104
3844
3096
3105
3845
3097
3106
3846
3098
3107
3847
3099
3108
3848
3109
3849
3101
3110
3850
3102
3111
3851
3103
3112
3852
3104
3113
3853
3105
3114
3854
3106
3115
3855
3107
3116
3856
3108
3117
3857
3109
3118
3858
3119
3859
3111
3120
3860
3112
3121
3861
3113
3122
3862
3114
3123
3863
3115
3124
3864
3116
3125
3865
3117
3126
3866
3118
3127
3867
3119
3128
3868
3129
3869
3121
3130
3870
3122
3131
3871
3123
3132
3872
3124
3133
3873
3125
3134
3874
3126
3135
3875
3127
3136
3876
3128
3137
3877
3129
3138
3878
3139
3879
3131
3140
3880
3132
3141
3881
3133
3142
3882
3134
3143
3883
3135
3144
3884
3136
3145
3885
3137
3146
3886
3138
3147
3887
3139
3148
3888
3149
3889
3141
3150
3890
3142
3151
3891
3143
3152
3892
3144
3153
3893
3145
3154
3894
3146
3155
3895
3147
3156
3896
3148
3157
3897
3149
3158
3898
3159
3899
3151
3160
3900
3152
3161
3901
3153
3162
3902
3154
3163
3903
3155
3164
3904
3156
3165
3905
3157
3166
3906
3158
3167
3907
3159
3168
3908
3169
3909
3161
3170
3910
3162
3171
3911
3163
3172
3912
3164
3173
3913
3165
3174
3914
3166
3175
3915
3167
3176
3916
3168
3177
3917
3169
3178
3918
3179
3919
3171
3180
3920
3172
3181
3921
3173
3182
3922
3174
3183
3923
3175
3184
3924
3176
3185
3925
3177
3186
3926
3178
3187
3927
3179
3188
3928
3189
3929
3181
3190
3930
3182
3191
3931
3183
3192
3932
3184
3193
3933
3185
3194
3934
3186
3195
3935
3187
3196
3936
3188
3197
3937
3189
3198
3938
3199
3939
3191
3200
3940
3192
3201
3941
3193
3202
3942
3194
3203
3943
3195
3204
3944
3196
3205
3945
3197
3206
3946
3198
3207
3947
3199
3208
3948
3209
3949
3201
3210
3950
3202
3211
3951
3203
3212
3952
3204
3213
3953
3205
3214
3954
3206
3215
3955
3207
3216
3956
3208
3217
3957
3209
3218
3958
3219
3959
3211
3220
3960
3212
3221
3961
3213
3222
3962
3214
3223
3963
3215
3224
3964
3216
3225
3965
3217
3226
3966
3218
3227
3967
3219
3228
3968
3229
3969
3221
3230
3970
3222
3231
3971
3223
3232
3972
3224
3233
3973
3225
3234
3974
3226
3235
3975
3227
3236
3976
3228
3237
3977
3229
3238
3978
3239
3979
3231
3240
3980
3232
3241
3981
3233
3242
3982
3234
3243
3983
3235
3244
3984
3236
3245
3985
3237
3246
3986
3238
3247
3987
3239
3248
3988
3249
3989
3241
3250
3990
3242
3251
3991
3243
3252
3992
3244
3253
3993
3245
3254
3994
3246
3255
3995
3247
3256
3996
3248
3257
3997
3249
3258
3998
3259
3999
3251
3260
4000
3252
3261
4001
3253
3262
4002
3254
3263
4003
3255
3264
4004
3256
3265
4005
3257
3266
4006
3258
3267
4007
3259
3268
4008
3269
4009
3261
3270
4010
3262
3271
4011
3263
3272
4012
3264
3273
4013
3265
3274
4014
3266
3275
4015
3267
3276
4016
3268
3277
4017
3269
3278
4018
3279
4019
3271
3280
4020
3272
3281
4021
3273
3282
4022
3274
3283
4023
3275
3284
4024
3276
3285
4025
3277
3286
4026
3278
3287
4027
3279
3288
4028
3289
4029
3281
3290
4030
3282
3291
4031
3283
3292
4032
3284
3293
4033
3285
3294
4034
3286
3295
4035
3287
3296
4036
3288
3297
4037
3289
3298
4038
3299
4039
3291
3300
4040
3292
3301
4041
3293
3302
4042
3294
3303
4043
3295
3304
4044
3296
3305
4045
3297
3306
4046
3298
3307
4047
3299
3308
4048
3309
4049
3301
3310
4050
3302
3311
4051
3303
3312
4052
3304
3313
4053
3305
3314
4054
3306
3315
4055
3307
3316
4056
3308
3317
4057
3309
3318
4058
3319
4059
3311
3320
4060
3312
3321
4061
3313
3322
4062
3314
3323
4063
3315
3324
4064
3316
3325
4065
3317
3326
4066
3318
3327
4067
3319
3328
4068
3329
4069
3321
3330
4070
3322
3331
4071
3323
3332
4072
3324
3333
4073
3325
3334
4074
3326
3335
4075
3327
3336
4076
3328
3337
4077
3329
3338
4078
3339
4079
3331
3340
4080
3332
3341
4081
3333
3342
4082
3334
3343
4083
3335
3344
4084
3336
3345
4085
3337
3346
4086
3338
3347
4087
3339
3348
4088
3349
4089
3341
3350
4090
3342
3351
4091
3343
3352
4092
3344
3353
4093
3345
3354
4094
3346
3355
4095
3347
3356
4096
3348
3357
4097
3349
3358
4098
3359
4099
3351
3360
4100
3352
3361
4101
3353
3362
4102
3354
3363
4103
3355
3364
4104
3356
3365
4105
3357
3366
4106
3358
3367
4107
3359
3368
4108
3369
4109
3361
3370
4110
3362
3371
4111
3363
3372
4112
3364
3373
4113
3365
3374
4114
3366
3375
4115
3367
3376
4116
3368
3377
4117
3369
3378
4118
3379
4119
3371
3380
4120
3372
3381
4121
3373
3382
4122
3374
3383
4123
3375
3384
4124
3376
3385
4125
3377
3386
4126
3378
3387
4127
3379
3388
4128
3389
4129
3381
3390
4130
3382
3391
4131
3383
3392
4132
3384
3393
4133
3385
3394
4134
3386
3395
4135
3387
3396
4136
3388
3397
4137
3389
3398
4138
3399
4139
3391
3400
4140
3392
3401
4141
3393
3402
4142
3394
3403
4143
3395
3404
4144
3396
3405
4145
3397
3406
4146
3398
3407
4147
3399
3408
4148
3409
4149
3401
3410
4150
3402
3411
4151
3403
3412
4152
3404
3413
4153
3405
3414
4154
3406
3415
4155
3407
3416
4156
3408
3417
4157
3409
3418
4158
3419
4159
3411
3420
4160
3412
3421
4161
3413
3422
4162
3414
3423
4163
3415
3424
4164
3416
3425
4165
3417
3426
4166
3418
3427
4167
3419
3428
4168
3429
4169
3421
3430
4170
3422
3431
4171
3423
3432
4172
3424
3433
4173
3425
3434
4174
3426
3435
4175
3427
3436
4176
3428
3437
4177
3429
3438
4178
3439
4179
3431
3440
4180
3432
3441
4181
3433
3442
4182
3434
3443
4183
3435
3444
4184
3436
3445
4185
3437
3446
4186
3438
3447
4187
3439
3448
4188
3449
4189
3441
3450
4190
3442
3451
4191
3443
3452
4192
3444
3453
4193
3445
3454
4194
3446
3455
4195
3447
3456
4196
3448
3457
4197
3449
3458
4198
3459
4199
3451
3460
4200
3452
3461
4201
3453
3462
4202
3454
3463
4203
3455
3464
4204
3456
3465
4205
3457
3466
4206
3458
3467
4207
3459
3468
4208
3469
4209
3461
3470
4210
3462
3471
4211
3463
3472
4212
3464
3473
4213
3465
3474
4214
3466
3475
4215
3467
3476
4216
3468
3477
4217
3469
3478
4218
3479
4219
3471
3480
4220
3472
3481
4221
3473
3482
4222
3474
3483
4223
3475
3484
4224
3476
3485
4225
3477
3486
4226
3478
3487
4227
3479
3488
4228
3489
4229
3481
3490
4230
3482
3491
4231
3483
3492
4232
3484
3493
4233
3485
3494
4234
3486
3495
4235
3487
3496
4236
3488
3497
4237
3489
3498
4238
3499
4239
3491
3500
4240
3492
3501
4241
3493
3502
4242
3494
3503
4243
3495
3504
4244
3496
3505
4245
3497
3506
4246
3498
3507
4247
3499
3508
4248
3509
4249
3501
3510
4250
3502
3511
4251
3503
3512
4252
3504
3513
4253
3505
3514
4254
3506
3515
4255
3507
3516
4256
3508
3517
4257
3509
3518
4258
3519
4259
3511
3520
4260
3512
3521
4261
3513
3522
4262
3514
3523
4263
3515
3524
4264
3516
3525
4265
3517
3526
4266
3518
3527
4267
3519
3528
4268
3529
4269
3521
3530
4270
3522
3531
4271
3523
3532
4272
3524
3533
4273
3525
3534
4274
3526
3535
4275
3527
3536
4276
3528
3537
4277
3529
3538
4278
3539
4279
3531
3540
4280
3532
3541
4281
3533
3542
4282
3534
3543
4283
3535
3544
4284
3536
3545
4285
3537
3546
4286
3538
3547
4287
3539
3548
4288
3549
4289
3541
3550
4290
3542
3551
4291
3543
3552
4292
3544
3553
4293
3545
3554
4294
3546
3555
4295
3547
3556
4296
3548
3557
4297
3549
3558
4298
3559
4299
3551
3560
4300
3552
3561
4301
3553
3562
4302
3554
3563
4303
3555
3564
4304
3556
3565
4305
3557
3566
4306
3558
3567
4307
3559
3568
4308
3569
4309
3561
3570
4310
3562
3571
4311
3563
3572
4312
3564
3573
4313
3565
3574
4314
3566
3575
4315
3567
3576
4316
3568
3577
4317
3569
3578
4318
3579
4319
3571
3580
4320
3572
3581
4321
3573
3582
4322
3574
3583
4323
3575
3584
4324
3576
3585
4325
3577
3586
4326
3578
3587
4327
3579
3588
4328
3589
4329
3581
3590
4330
3582
3591
4331
3583
3592
4332
3584
3593
4333
3585
3594
4334
3586
3595
4335
3587
3596
4336
3588
3597
4337
3589
3598
4338
3599
4339
3591
3600
4340
3592
3601
4341
3593
3602
4342
3594
3603
4343
3595
3604
4344
3596
3605
4345
3597
3606
4346
3598
3607
4347
3599
3608
4348
3609
4349
3601
3610
4350
3602
3611
4351
3603
3612
4352
3604
3613
4353
3605
3614
4354
3606
3615
4355
3607
3616
4356
3608
3617
4357
3609
3618
4358
3619
4359
3611
3620
4360
3612
3621
4361
3613
3622
4362
3614
3623
4363
3615
3624
4364
3616
3625
4365
3617
3626
4366
3618
3627
4367
3619
3628
4368
3629
4369
3621
3630
4370
3622
3631
4371
3623
3632
4372
3624
3633
4373
3625
3634
4374
3626
3635
4375
3627
3636
4376
3628
3637
4377
3629
3638
4378
3639
4379
3631
3640
4380
3632
3641
4381
3633
3642
4382
3634
3643
4383
3635
3644
4384
3636
3645
4385
3637
3646
4386
3638
3647
4387
3639
3648
4388
3649
4389
3641
3650
4390
3642
3651
4391
3643
3652
4392
3644
3653
4393
3645
3654
4394
3646
3655
4395
3647
3656
4396
3648
3657
4397
3649
3658
4398
3659
4399
3651
3660
4400
3652
3661
4401
3653
3662
4402
3654
3663
4403
3655
3664
4404
3656
3665
4405
3657
3666
4406
3658
3667
4407
3659
3668
4408
3669
4409
3661
3670
4410
3662
3671
4411
3663
3672
4412
3664
3673
4413
3665
3674
4414
3666
3675
4415
3667
3676
4416
3668
3677
4417
3669
3678
4418
3679
4419
3671
3680
4420
3672
3681
4421
3673
3682
4422
3674
3683
4423
3675
3684
4424
3676
3685
4425
3677
3686
4426
3678
3687
4427
3679
3688
4428
3689
4429
3681
3690
4430
3682
3691
4431
3683
3692
4432
3684
3693
4433
3685
3694
4434
3686
3695
4435
3687
3696
4436
3688
3697
4437
3689
3698
4438
3699
4439
3691
3700
4440
3692
3701
4441
3693
3702
4442
3694
3703
4443
3695
3704
4444
3696
3705
4445
3697
3706
4446
3698
3707
4447
3699
3708
4448
3709
4449
3701
3710
4450
3702
3711
4451
3703
3712
4452
3704
3713
4453
3705
3714
4454
3706
3715
4455
3707
3716
4456
3708
3717
4457
3709
3718
4458
3719
4459
3711
3720
4460
3712
3721
4461
3713
3722
4462
3714
3723
4463
3715
3724
4464
3716
3725
4465
3717
3726
4466
3718
3727
4467
3719
3728
4468
3729
4469
3721
3730
4470
3722
3731
4471
3723
3732
4472
3724
3733
4473
3725
3734
4474
3726
3735
4475
3727
3736
4476
3728
3737
4477
3729
3738
4478
3739
4479
3731
3740
4480
3732
3741
4481
3733
3742
4482
3734
3743
4483
3735
3744
4484
3736
3745
4485
3737
3746
4486
3738
3747
4487
3739
3748
4488
3749
4489
3741
4490
4500
3742
4491
4501
3743
4492
4502
3744
4493
4503
3745
4494
4504
3746
4495
4505
3747
4496
4506
3748
4497
4507
3749
4498
4508
4499
4509
3751
3760
3752
3761
3753
3762
3754
3763
3755
3764
3756
3765
3757
3766
3758
3767
3759
3768
3769
3761
3770
3762
3771
3763
3772
3764
3773
3765
3774
3766
3775
3767
3776
3768
3777
3769
3778
3779
3771
3780
3772
3781
3773
3782
3774
3783
3775
3784
3776
3785
3777
3786
3778
3787
3779
3788
3789
3781
3790
3782
3791
3783
3792
3784
3793
3785
3794
3786
3795
3787
3796
3788
3797
3789
3798
3799
3791
3800
3792
3801
3793
3802
3794
3803
3795
3804
3796
3805
3797
3806
3798
3807
3799
3808
3809
3801
3810
3802
3811
3803
3812
3804
3813
3805
3814
3806
3815
3807
3816
3808
3817
3809
3818
3819
3811
3820
3812
3821
3813
3822
3814
3823
3815
3824
3816
3825
3817
3826
3818
3827
3819
3828
3829
3821
3830
3822
3831
3823
3832
3824
3833
3825
3834
3826
3835
3827
3836
3828
3837
3829
3838
3839
3831
3840
3832
3841
3833
3842
3834
3843
3835
3844
3836
3845
3837
3846
3838
3847
3839
3848
3849
3841
3850
3842
3851
3843
3852
3844
3853
3845
3854
3846
3855
3847
3856
3848
3857
3849
3858
3859
3851
3860
3852
3861
3853
3862
3854
3863
3855
3864
3856
3865
3857
3866
3858
3867
3859
3868
3869
3861
3870
3862
3871
3863
3872
3864
3873
3865
3874
3866
3875
3867
3876
3868
3877
3869
3878
3879
3871
3880
3872
3881
3873
3882
3874
3883
3875
3884
3876
3885
3877
3886
3878
3887
3879
3888
3889
3881
3890
3882
3891
3883
3892
3884
3893
3885
3894
3886
3895
3887
3896
3888
3897
3889
3898
3899
3891
3900
3892
3901
3893
3902
3894
3903
3895
3904
3896
3905
3897
3906
3898
3907
3899
3908
3909
3901
3910
3902
3911
3903
3912
3904
3913
3905
3914
3906
3915
3907
3916
3908
3917
3909
3918
3919
3911
3920
3912
3921
3913
3922
3914
3923
3915
3924
3916
3925
3917
3926
3918
3927
3919
3928
3929
3921
3930
3922
3931
3923
3932
3924
3933
3925
3934
3926
3935
3927
3936
3928
3937
3929
3938
3939
3931
3940
3932
3941
3933
3942
3934
3943
3935
3944
3936
3945
3937
3946
3938
3947
3939
3948
3949
3941
3950
3942
3951
3943
3952
3944
3953
3945
3954
3946
3955
3947
3956
3948
3957
3949
3958
3959
3951
3960
3952
3961
3953
3962
3954
3963
3955
3964
3956
3965
3957
3966
3958
3967
3959
3968
3969
3961
3970
3962
3971
3963
3972
3964
3973
3965
3974
3966
3975
3967
3976
3968
3977
3969
3978
3979
3971
3980
3972
3981
3973
3982
3974
3983
3975
3984
3976
3985
3977
3986
3978
3987
3979
3988
3989
3981
3990
3982
3991
3983
3992
3984
3993
3985
3994
3986
3995
3987
3996
3988
3997
3989
3998
3999
3991
4000
3992
4001
3993
4002
3994
4003
3995
4004
3996
4005
3997
4006
3998
4007
3999
4008
4009
4001
4010
4002
4011
4003
4012
4004
4013
4005
4014
4006
4015
4007
4016
4008
4017
4009
4018
4019
4011
4020
4012
4021
4013
4022
4014
4023
4015
4024
4016
4025
4017
4026
4018
4027
4019
4028
4029
4021
4030
4022
4031
4023
4032
4024
4033
4025
4034
4026
4035
4027
4036
4028
4037
4029
4038
4039
4031
4040
4032
4041
4033
4042
4034
4043
4035
4044
4036
4045
4037
4046
4038
4047
4039
4048
4049
4041
4050
4042
4051
4043
4052
4044
4053
4045
4054
4046
4055
4047
4056
4048
4057
4049
4058
4059
4051
4060
4052
4061
4053
4062
4054
4063
4055
4064
4056
4065
4057
4066
4058
4067
4059
4068
4069
4061
4070
4062
4071
4063
4072
4064
4073
4065
4074
4066
4075
4067
4076
4068
4077
4069
4078
4079
4071
4080
4072
4081
4073
4082
4074
4083
4075
4084
4076
4085
4077
4086
4078
4087
4079
4088
4089
4081
4090
4082
4091
4083
4092
4084
4093
4085
4094
4086
4095
4087
4096
4088
4097
4089
4098
4099
4091
4100
4092
4101
4093
4102
4094
4103
4095
4104
4096
4105
4097
4106
4098
4107
4099
4108
4109
4101
4110
4102
4111
4103
4112
4104
4113
4105
4114
4106
4115
4107
4116
4108
4117
4109
4118
4119
4111
4120
4112
4121
4113
4122
4114
4123
4115
4124
4116
4125
4117
4126
4118
4127
4119
4128
4129
4121
4130
4122
4131
4123
4132
4124
4133
4125
4134
4126
4135
4127
4136
4128
4137
4129
4138
4139
4131
4140
4132
4141
4133
4142
4134
4143
4135
4144
4136
4145
4137
4146
4138
4147
4139
4148
4149
4141
4150
4142
4151
4143
4152
4144
4153
4145
4154
4146
4155
4147
4156
4148
4157
4149
4158
4159
4151
4160
4152
4161
4153
4162
4154
4163
4155
4164
4156
4165
4157
4166
4158
4167
4159
4168
4169
4161
4170
4162
4171
4163
4172
4164
4173
4165
4174
4166
4175
4167
4176
4168
4177
4169
4178
4179
4171
4180
4172
4181
4173
4182
4174
4183
4175
4184
4176
4185
4177
4186
4178
4187
4179
4188
4189
4181
4190
4182
4191
4183
4192
4184
4193
4185
4194
4186
4195
4187
4196
4188
4197
4189
4198
4199
4191
4200
4192
4201
4193
4202
4194
4203
4195
4204
4196
4205
4197
4206
4198
4207
4199
4208
4209
4201
4210
4202
4211
4203
4212
4204
4213
4205
4214
4206
4215
4207
4216
4208
4217
4209
4218
4219
4211
4220
4212
4221
4213
4222
4214
4223
4215
4224
4216
4225
4217
4226
4218
4227
4219
4228
4229
4221
4230
4222
4231
4223
4232
4224
4233
4225
4234
4226
4235
4227
4236
4228
4237
4229
4238
4239
4231
4240
4232
4241
4233
4242
4234
4243
4235
4244
4236
4245
4237
4246
4238
4247
4239
4248
4249
4241
4250
4242
4251
4243
4252
4244
4253
4245
4254
4246
4255
4247
4256
4248
4257
4249
4258
4259
4251
4260
4252
4261
4253
4262
4254
4263
4255
4264
4256
4265
4257
4266
4258
4267
4259
4268
4269
4261
4270
4262
4271
4263
4272
4264
4273
4265
4274
4266
4275
4267
4276
4268
4277
4269
4278
4279
4271
4280
4272
4281
4273
4282
4274
4283
4275
4284
4276
4285
4277
4286
4278
4287
4279
4288
4289
4281
4290
4282
4291
4283
4292
4284
4293
4285
4294
4286
4295
4287
4296
4288
4297
4289
4298
4299
4291
4300
4292
4301
4293
4302
4294
4303
4295
4304
4296
4305
4297
4306
4298
4307
4299
4308
4309
4301
4310
4302
4311
4303
4312
4304
4313
4305
4314
4306
4315
4307
4316
4308
4317
4309
4318
4319
4311
4320
4312
4321
4313
4322
4314
4323
4315
4324
4316
4325
4317
4326
4318
4327
4319
4328
4329
4321
4330
4322
4331
4323
4332
4324
4333
4325
4334
4326
4335
4327
4336
4328
4337
4329
4338
4339
4331
4340
4332
4341
4333
4342
4334
4343
4335
4344
4336
4345
4337
4346
4338
4347
4339
4348
4349
4341
4350
4342
4351
4343
4352
4344
4353
4345
4354
4346
4355
4347
4356
4348
4357
4349
4358
4359
4351
4360
4352
4361
4353
4362
4354
4363
4355
4364
4356
4365
4357
4366
4358
4367
4359
4368
4369
4361
4370
4362
4371
4363
4372
4364
4373
4365
4374
4366
4375
4367
4376
4368
4377
4369
4378
4379
4371
4380
4372
4381
4373
4382
4374
4383
4375
4384
4376
4385
4377
4386
4378
4387
4379
4388
4389
4381
4390
4382
4391
4383
4392
4384
4393
4385
4394
4386
4395
4387
4396
4388
4397
4389
4398
4399
4391
4400
4392
4401
4393
4402
4394
4403
4395
4404
4396
4405
4397
4406
4398
4407
4399
4408
4409
4401
4410
4402
4411
4403
4412
4404
4413
4405
4414
4406
4415
4407
4416
4408
4417
4409
4418
4419
4411
4420
4412
4421
4413
4422
4414
4423
4415
4424
4416
4425
4417
4426
4418
4427
4419
4428
4429
4421
4430
4422
4431
4423
4432
4424
4433
4425
4434
4426
4435
4427
4436
4428
4437
4429
4438
4439
4431
4440
4432
4441
4433
4442
4434
4443
4435
4444
4436
4445
4437
4446
4438
4447
4439
4448
4449
4441
4450
4442
4451
4443
4452
4444
4453
4445
4454
4446
4455
4447
4456
4448
4457
4449
4458
4459
4451
4460
4452
4461
4453
4462
4454
4463
4455
4464
4456
4465
4457
4466
4458
4467
4459
4468
4469
4461
4470
4462
4471
4463
4472
4464
4473
4465
4474
4466
4475
4467
4476
4468
4477
4469
4478
4479
4471
4480
4472
4481
4473
4482
4474
4483
4475
4484
4476
4485
4477
4486
4478
4487
4479
4488
4489
4481
4490
4482
4491
4483
4492
4484
4493
4485
4494
4486
4495
4487
4496
4488
4497
4489
4498
4499
4491
5250
4492
5251
4493
5252
4494
5253
4495
5254
4496
5255
4497
5256
4498
5257
4499
5258
5259
4501
4510
5250
4502
4511
5251
4503
4512
5252
4504
4513
5253
4505
4514
5254
4506
4515
5255
4507
4516
5256
4508
4517
5257
4509
4518
5258
4519
5259
4511
4520
5260
4512
4521
5261
4513
4522
5262
4514
4523
5263
4515
4524
5264
4516
4525
5265
4517
4526
5266
4518
4527
5267
4519
4528
5268
4529
5269
4521
4530
5270
4522
4531
5271
4523
4532
5272
4524
4533
5273
4525
4534
5274
4526
4535
5275
4527
4536
5276
4528
4537
5277
4529
4538
5278
4539
5279
4531
4540
5280
4532
4541
5281
4533
4542
5282
4534
4543
5283
4535
4544
5284
4536
4545
5285
4537
4546
5286
4538
4547
5287
4539
4548
5288
4549
5289
4541
4550
5290
4542
4551
5291
4543
4552
5292
4544
4553
5293
4545
4554
5294
4546
4555
5295
4547
4556
5296
4548
4557
5297
4549
4558
5298
4559
5299
4551
4560
5300
4552
4561
5301
4553
4562
5302
4554
4563
5303
4555
4564
5304
4556
4565
5305
4557
4566
5306
4558
4567
5307
4559
4568
5308
4569
5309
4561
4570
5310
4562
4571
5311
4563
4572
5312
4564
4573
5313
4565
4574
5314
4566
4575
5315
4567
4576
5316
4568
4577
5317
4569
4578
5318
4579
5319
4571
4580
5320
4572
4581
5321
4573
4582
5322
4574
4583
5323
4575
4584
5324
4576
4585
5325
4577
4586
5326
4578
4587
5327
4579
4588
5328
4589
5329
4581
4590
5330
4582
4591
5331
4583
4592
5332
4584
4593
5333
4585
4594
5334
4586
4595
5335
4587
4596
5336
4588
4597
5337
4589
4598
5338
4599
5339
4591
4600
5340
4592
4601
5341
4593
4602
5342
4594
4603
5343
4595
4604
5344
4596
4605
5345
4597
4606
5346
4598
4607
5347
4599
4608
5348
4609
5349
4601
4610
5350
4602
4611
5351
4603
4612
5352
4604
4613
5353
4605
4614
5354
4606
4615
5355
4607
4616
5356
4608
4617
5357
4609
4618
5358
4619
5359
4611
4620
5360
4612
4621
5361
4613
4622
5362
4614
4623
5363
4615
4624
5364
4616
4625
5365
4617
4626
5366
4618
4627
5367
4619
4628
5368
4629
5369
4621
4630
5370
4622
4631
5371
4623
4632
5372
4624
4633
5373
4625
4634
5374
4626
4635
5375
4627
4636
5376
4628
4637
5377
4629
4638
5378
4639
5379
4631
4640
5380
4632
4641
5381
4633
4642
5382
4634
4643
5383
4635
4644
5384
4636
4645
5385
4637
4646
5386
4638
4647
5387
4639
4648
5388
4649
5389
4641
4650
5390
4642
4651
5391
4643
4652
5392
4644
4653
5393
4645
4654
5394
4646
4655
5395
4647
4656
5396
4648
4657
5397
4649
4658
5398
4659
5399
4651
4660
5400
4652
4661
5401
4653
4662
5402
4654
4663
5403
4655
4664
5404
4656
4665
5405
4657
4666
5406
4658
4667
5407
4659
4668
5408
4669
5409
4661
4670
5410
4662
4671
5411
4663
4672
5412
4664
4673
5413
4665
4674
5414
4666
4675
5415
4667
4676
5416
4668
4677
5417
4669
4678
5418
4679
5419
4671
4680
5420
4672
4681
5421
4673
4682
5422
4674
4683
5423
4675
4684
5424
4676
4685
5425
4677
4686
5426
4678
4687
5427
4679
4688
5428
4689
5429
4681
4690
5430
4682
4691
5431
4683
4692
5432
4684
4693
5433
4685
4694
5434
4686
4695
5435
4687
4696
5436
4688
4697
5437
4689
4698
5438
4699
5439
4691
4700
5440
4692
4701
5441
4693
4702
5442
4694
4703
5443
4695
4704
5444
4696
4705
5445
4697
4706
5446
4698
4707
5447
4699
4708
5448
4709
5449
4701
4710
5450
4702
4711
5451
4703
4712
5452
4704
4713
5453
4705
4714
5454
4706
4715
5455
4707
4716
5456
4708
4717
5457
4709
4718
5458
4719
5459
4711
4720
5460
4712
4721
5461
4713
4722
5462
4714
4723
5463
4715
4724
5464
4716
4725
5465
4717
4726
5466
4718
4727
5467
4719
4728
5468
4729
5469
4721
4730
5470
4722
4731
5471
4723
4732
5472
4724
4733
5473
4725
4734
5474
4726
4735
5475
4727
4736
5476
4728
4737
5477
4729
4738
5478
4739
5479
4731
4740
5480
4732
4741
5481
4733
4742
5482
4734
4743
5483
4735
4744
5484
4736
4745
5485
4737
4746
5486
4738
4747
5487
4739
4748
5488
4749
5489
4741
4750
5490
4742
4751
5491
4743
4752
5492
4744
4753
5493
4745
4754
5494
4746
4755
5495
4747
4756
5496
4748
4757
5497
4749
4758
5498
4759
5499
4751
4760
5500
4752
4761
5501
4753
4762
5502
4754
4763
5503
4755
4764
5504
4756
4765
5505
4757
4766
5506
4758
4767
5507
4759
4768
5508
4769
5509
4761
4770
5510
4762
4771
5511
4763
4772
5512
4764
4773
5513
4765
4774
5514
4766
4775
5515
4767
4776
5516
4768
4777
5517
4769
4778
5518
4779
5519
4771
4780
5520
4772
4781
5521
4773
4782
5522
4774
4783
5523
4775
4784
5524
4776
4785
5525
4777
4786
5526
4778
4787
5527
4779
4788
5528
4789
5529
4781
4790
5530
4782
4791
5531
4783
4792
5532
4784
4793
5533
4785
4794
5534
4786
4795
5535
4787
4796
5536
4788
4797
5537
4789
4798
5538
4799
5539
4791
4800
5540
4792
4801
5541
4793
4802
5542
4794
4803
5543
4795
4804
5544
4796
4805
5545
4797
4806
5546
4798
4807
5547
4799
4808
5548
4809
5549
4801
4810
5550
4802
4811
5551
4803
4812
5552
4804
4813
5553
4805
4814
5554
4806
4815
5555
4807
4816
5556
4808
4817
5557
4809
4818
5558
4819
5559
4811
4820
5560
4812
4821
5561
4813
4822
5562
4814
4823
5563
4815
4824
5564
4816
4825
5565
4817
4826
5566
4818
4827
5567
4819
4828
5568
4829
5569
4821
4830
5570
4822
4831
5571
4823
4832
5572
4824
4833
5573
4825
4834
5574
4826
4835
5575
4827
4836
5576
4828
4837
5577
4829
4838
5578
4839
5579
4831
4840
5580
4832
4841
5581
4833
4842
5582
4834
4843
5583
4835
4844
5584
4836
4845
5585
4837
4846
5586
4838
4847
5587
4839
4848
5588
4849
5589
4841
4850
5590
4842
4851
5591
4843
4852
5592
4844
4853
5593
4845
4854
5594
4846
4855
5595
4847
4856
5596
4848
4857
5597
4849
4858
5598
4859
5599
4851
4860
5600
4852
4861
5601
4853
4862
5602
4854
4863
5603
4855
4864
5604
4856
4865
5605
4857
4866
5606
4858
4867
5607
4859
4868
5608
4869
5609
4861
4870
5610
4862
4871
5611
4863
4872
5612
4864
4873
5613
4865
4874
5614
4866
4875
5615
4867
4876
5616
4868
4877
5617
4869
4878
5618
4879
5619
4871
4880
5620
4872
4881
5621
4873
4882
5622
4874
4883
5623
4875
4884
5624
4876
4885
5625
4877
4886
5626
4878
4887
5627
4879
4888
5628
4889
5629
4881
4890
5630
4882
4891
5631
4883
4892
5632
4884
4893
5633
4885
4894
5634
4886
4895
5635
4887
4896
5636
4888
4897
5637
4889
4898
5638
4899
5639
4891
4900
5640
4892
4901
5641
4893
4902
5642
4894
4903
5643
4895
4904
5644
4896
4905
5645
4897
4906
5646
4898
4907
5647
4899
4908
5648
4909
5649
4901
4910
5650
4902
4911
5651
4903
4912
5652
4904
4913
5653
4905
4914
5654
4906
4915
5655
4907
4916
5656
4908
4917
5657
4909
4918
5658
4919
5659
4911
4920
5660
4912
4921
5661
4913
4922
5662
4914
4923
5663
4915
4924
5664
4916
4925
5665
4917
4926
5666
4918
4927
5667
4919
4928
5668
4929
5669
4921
4930
5670
4922
4931
5671
4923
4932
5672
4924
4933
5673
4925
4934
5674
4926
4935
5675
4927
4936
5676
4928
4937
5677
4929
4938
5678
4939
5679
4931
4940
5680
4932
4941
5681
4933
4942
5682
4934
4943
5683
4935
4944
5684
4936
4945
5685
4937
4946
5686
4938
4947
5687
4939
4948
5688
4949
5689
4941
4950
5690
4942
4951
5691
4943
4952
5692
4944
4953
5693
4945
4954
5694
4946
4955
5695
4947
4956
5696
4948
4957
5697
4949
4958
5698
4959
5699
4951
4960
5700
4952
4961
5701
4953
4962
5702
4954
4963
5703
4955
4964
5704
4956
4965
5705
4957
4966
5706
4958
4967
5707
4959
4968
5708
4969
5709
4961
4970
5710
4962
4971
5711
4963
4972
5712
4964
4973
5713
4965
4974
5714
4966
4975
5715
4967
4976
5716
4968
4977
5717
4969
4978
5718
4979
5719
4971
4980
5720
4972
4981
5721
4973
4982
5722
4974
4983
5723
4975
4984
5724
4976
4985
5725
4977
4986
5726
4978
4987
5727
4979
4988
5728
4989
5729
4981
4990
5730
4982
4991
5731
4983
4992
5732
4984
4993
5733
4985
4994
5734
4986
4995
5735
4987
4996
5736
4988
4997
5737
4989
4998
5738
4999
5739
4991
5000
5740
4992
5001
5741
4993
5002
5742
4994
5003
5743
4995
5004
5744
4996
5005
5745
4997
5006
5746
4998
5007
5747
4999
5008
5748
5009
5749
5001
5010
5750
5002
5011
5751
5003
5012
5752
5004
5013
5753
5005
5014
5754
5006
5015
5755
5007
5016
5756
5008
5017
5757
5009
5018
5758
5019
5759
5011
5020
5760
5012
5021
5761
5013
5022
5762
5014
5023
5763
5015
5024
5764
5016
5025
5765
5017
5026
5766
5018
5027
5767
5019
5028
5768
5029
5769
5021
5030
5770
5022
5031
5771
5023
5032
5772
5024
5033
5773
5025
5034
5774
5026
5035
5775
5027
5036
5776
5028
5037
5777
5029
5038
5778
5039
5779
5031
5040
5780
5032
5041
5781
5033
5042
5782
5034
5043
5783
5035
5044
5784
5036
5045
5785
5037
5046
5786
5038
5047
5787
5039
5048
5788
5049
5789
5041
5050
5790
5042
5051
5791
5043
5052
5792
5044
5053
5793
5045
5054
5794
5046
5055
5795
5047
5056
5796
5048
5057
5797
5049
5058
5798
5059
5799
5051
5060
5800
5052
5061
5801
5053
5062
5802
5054
5063
5803
5055
5064
5804
5056
5065
5805
5057
5066
5806
5058
5067
5807
5059
5068
5808
5069
5809
5061
5070
5810
5062
5071
5811
5063
5072
5812
5064
5073
5813
5065
5074
5814
5066
5075
5815
5067
5076
5816
5068
5077
5817
5069
5078
5818
5079
5819
5071
5080
5820
5072
5081
5821
5073
5082
5822
5074
5083
5823
5075
5084
5824
5076
5085
5825
5077
5086
5826
5078
5087
5827
5079
5088
5828
5089
5829
5081
5090
5830
5082
5091
5831
5083
5092
5832
5084
5093
5833
5085
5094
5834
5086
5095
5835
5087
5096
5836
5088
5097
5837
5089
5098
5838
5099
5839
5091
5100
5840
5092
5101
5841
5093
5102
5842
5094
5103
5843
5095
5104
5844
5096
5105
5845
5097
5106
5846
5098
5107
5847
5099
5108
5848
5109
5849
5101
5110
5850
5102
5111
5851
5103
5112
5852
5104
5113
5853
5105
5114
5854
5106
5115
5855
5107
5116
5856
5108
5117
5857
5109
5118
5858
5119
5859
5111
5120
5860
5112
5121
5861
5113
5122
5862
5114
5123
5863
5115
5124
5864
5116
5125
5865
5117
5126
5866
5118
5127
5867
5119
5128
5868
5129
5869
5121
5130
5870
5122
5131
5871
5123
5132
5872
5124
5133
5873
5125
5134
5874
5126
5135
5875
5127
5136
5876
5128
5137
5877
5129
5138
5878
5139
5879
5131
5140
5880
5132
5141
5881
5133
5142
5882
5134
5143
5883
5135
5144
5884
5136
5145
5885
5137
5146
5886
5138
5147
5887
5139
5148
5888
5149
5889
5141
5150
5890
5142
5151
5891
5143
5152
5892
5144
5153
5893
5145
5154
5894
5146
5155
5895
5147
5156
5896
5148
5157
5897
5149
5158
5898
5159
5899
5151
5160
5900
5152
5161
5901
5153
5162
5902
5154
5163
5903
5155
5164
5904
5156
5165
5905
5157
5166
5906
5158
5167
5907
5159
5168
5908
5169
5909
5161
5170
5910
5162
5171
5911
5163
5172
5912
5164
5173
5913
5165
5174
5914
5166
5175
5915
5167
5176
5916
5168
5177
5917
5169
5178
5918
5179
5919
5171
5180
5920
5172
5181
5921
5173
5182
5922
5174
5183
5923
5175
5184
5924
5176
5185
5925
5177
5186
5926
5178
5187
5927
5179
5188
5928
5189
5929
5181
5190
5930
5182
5191
5931
5183
5192
5932
5184
5193
5933
5185
5194
5934
5186
5195
5935
5187
5196
5936
5188
5197
5937
5189
5198
5938
5199
5939
5191
5200
5940
5192
5201
5941
5193
5202
5942
5194
5203
5943
5195
5204
5944
5196
5205
5945
5197
5206
5946
5198
5207
5947
5199
5208
5948
5209
5949
5201
5210
5950
5202
5211
5951
5203
5212
5952
5204
5213
5953
5205
5214
5954
5206
5215
5955
5207
5216
5956
5208
5217
5957
5209
5218
5958
5219
5959
5211
5220
5960
5212
5221
5961
5213
5222
5962
5214
5223
5963
5215
5224
5964
5216
5225
5965
5217
5226
5966
5218
5227
5967
5219
5228
5968
5229
5969
5221
5230
5970
5222
5231
5971
5223
5232
5972
5224
5233
5973
5225
5234
5974
5226
5235
5975
5227
5236
5976
5228
5237
5977
5229
5238
5978
5239
5979
5231
5240
5980
5232
5241
5981
5233
5242
5982
5234
5243
5983
5235
5244
5984
5236
5245
5985
5237
5246
5986
5238
5247
5987
5239
5248
5988
5249
5989
5241
5990
5242
5991
5243
5992
5244
5993
5245
5994
5246
5995
5247
5996
5248
5997
5249
5998
5999
5251
5260
5252
5261
5253
5262
5254
5263
5255
5264
5256
5265
5257
5266
5258
5267
5259
5268
5269
5261
5270
5262
5271
5263
5272
5264
5273
5265
5274
5266
5275
5267
5276
5268
5277
5269
5278
5279
5271
5280
5272
5281
5273
5282
5274
5283
5275
5284
5276
5285
5277
5286
5278
5287
5279
5288
5289
5281
5290
5282
5291
5283
5292
5284
5293
5285
5294
5286
5295
5287
5296
5288
5297
5289
5298
5299
5291
5300
5292
5301
5293
5302
5294
5303
5295
5304
5296
5305
5297
5306
5298
5307
5299
5308
5309
5301
5310
5302
5311
5303
5312
5304
5313
5305
5314
5306
5315
5307
5316
5308
5317
5309
5318
5319
5311
5320
5312
5321
5313
5322
5314
5323
5315
5324
5316
5325
5317
5326
5318
5327
5319
5328
5329
5321
5330
5322
5331
5323
5332
5324
5333
5325
5334
5326
5335
5327
5336
5328
5337
5329
5338
5339
5331
5340
5332
5341
5333
5342
5334
5343
5335
5344
5336
5345
5337
5346
5338
5347
5339
5348
5349
5341
5350
5342
5351
5343
5352
5344
5353
5345
5354
5346
5355
5347
5356
5348
5357
5349
5358
5359
5351
5360
5352
5361
5353
5362
5354
5363
5355
5364
5356
5365
5357
5366
5358
5367
5359
5368
5369
5361
5370
5362
5371
5363
5372
5364
5373
5365
5374
5366
5375
5367
5376
5368
5377
5369
5378
5379
5371
5380
5372
5381
5373
5382
5374
5383
5375
5384
5376
5385
5377
5386
5378
5387
5379
5388
5389
5381
5390
5382
5391
5383
5392
5384
5393
5385
5394
5386
5395
5387
5396
5388
5397
5389
5398
5399
5391
5400
5392
5401
5393
5402
5394
5403
5395
5404
5396
5405
5397
5406
5398
5407
5399
5408
5409
5401
5410
5402
5411
5403
5412
5404
5413
5405
5414
5406
5415
5407
5416
5408
5417
5409
5418
5419
5411
5420
5412
5421
5413
5422
5414
5423
5415
5424
5416
5425
5417
5426
5418
5427
5419
5428
5429
5421
5430
5422
5431
5423
5432
5424
5433
5425
5434
5426
5435
5427
5436
5428
5437
5429
5438
5439
5431
5440
5432
5441
5433
5442
5434
5443
5435
5444
5436
5445
5437
5446
5438
5447
5439
5448
5449
5441
5450
5442
5451
5443
5452
5444
5453
5445
5454
5446
5455
5447
5456
5448
5457
5449
5458
5459
5451
5460
5452
5461
5453
5462
5454
5463
5455
5464
5456
5465
5457
5466
5458
5467
5459
5468
5469
5461
5470
5462
5471
5463
5472
5464
5473
5465
5474
5466
5475
5467
5476
5468
5477
5469
5478
5479
5471
5480
5472
5481
5473
5482
5474
5483
5475
5484
5476
5485
5477
5486
5478
5487
5479
5488
5489
5481
5490
5482
5491
5483
5492
5484
5493
5485
5494
5486
5495
5487
5496
5488
5497
5489
5498
5499
5491
5500
5492
5501
5493
5502
5494
5503
5495
5504
5496
5505
5497
5506
5498
5507
5499
5508
5509
5501
5510
5502
5511
5503
5512
5504
5513
5505
5514
5506
5515
5507
5516
5508
5517
5509
5518
5519
5511
5520
5512
5521
5513
5522
5514
5523
5515
5524
5516
5525
5517
5526
5518
5527
5519
5528
5529
5521
5530
5522
5531
5523
5532
5524
5533
5525
5534
5526
5535
5527
5536
5528
5537
5529
5538
5539
5531
5540
5532
5541
5533
5542
5534
5543
5535
5544
5536
5545
5537
5546
5538
5547
5539
5548
5549
5541
5550
5542
5551
5543
5552
5544
5553
5545
5554
5546
5555
5547
5556
5548
5557
5549
5558
5559
5551
5560
5552
5561
5553
5562
5554
5563
5555
5564
5556
5565
5557
5566
5558
5567
5559
5568
5569
5561
5570
5562
5571
5563
5572
5564
5573
5565
5574
5566
5575
5567
5576
5568
5577
5569
5578
5579
5571
5580
5572
5581
5573
5582
5574
5583
5575
5584
5576
5585
5577
5586
5578
5587
5579
5588
5589
5581
5590
5582
5591
5583
5592
5584
5593
5585
5594
5586
5595
5587
5596
5588
5597
5589
5598
5599
5591
5600
5592
5601
5593
5602
5594
5603
5595
5604
5596
5605
5597
5606
5598
5607
5599
5608
5609
5601
5610
5602
5611
5603
5612
5604
5613
5605
5614
5606
5615
5607
5616
5608
5617
5609
5618
5619
5611
5620
5612
5621
5613
5622
5614
5623
5615
5624
5616
5625
5617
5626
5618
5627
5619
5628
5629
5621
5630
5622
5631
5623
5632
5624
5633
5625
5634
5626
5635
5627
5636
5628
5637
5629
5638
5639
5631
5640
5632
5641
5633
5642
5634
5643
5635
5644
5636
5645
5637
5646
5638
5647
5639
5648
5649
5641
5650
5642
5651
5643
5652
5644
5653
5645
5654
5646
5655
5647
5656
5648
5657
5649
5658
5659
5651
5660
5652
5661
5653
5662
5654
5663
5655
5664
5656
5665
5657
5666
5658
5667
5659
5668
5669
5661
5670
5662
5671
5663
5672
5664
5673
5665
5674
5666
5675
5667
5676
5668
5677
5669
5678
5679
5671
5680
5672
5681
5673
5682
5674
5683
5675
5684
5676
5685
5677
5686
5678
5687
5679
5688
5689
5681
5690
5682
5691
5683
5692
5684
5693
5685
5694
5686
5695
5687
5696
5688
5697
5689
5698
5699
5691
5700
5692
5701
5693
5702
5694
5703
5695
5704
5696
5705
5697
5706
5698
5707
5699
5708
5709
5701
5710
5702
5711
5703
5712
5704
5713
5705
5714
5706
5715
5707
5716
5708
5717
5709
5718
5719
5711
5720
5712
5721
5713
5722
5714
5723
5715
5724
5716
5725
5717
5726
5718
5727
5719
5728
5729
5721
5730
5722
5731
5723
5732
5724
5733
5725
5734
5726
5735
5727
5736
5728
5737
5729
5738
5739
5731
5740
5732
5741
5733
5742
5734
5743
5735
5744
5736
5745
5737
5746
5738
5747
5739
5748
5749
5741
5750
5742
5751
5743
5752
5744
5753
5745
5754
5746
5755
5747
5756
5748
5757
5749
5758
5759
5751
5760
5752
5761
5753
5762
5754
5763
5755
5764
5756
5765
5757
5766
5758
5767
5759
5768
5769
5761
5770
5762
5771
5763
5772
5764
5773
5765
5774
5766
5775
5767
5776
5768
5777
5769
5778
5779
5771
5780
5772
5781
5773
5782
5774
5783
5775
5784
5776
5785
5777
5786
5778
5787
5779
5788
5789
5781
5790
5782
5791
5783
5792
5784
5793
5785
5794
5786
5795
5787
5796
5788
5797
5789
5798
5799
5791
5800
5792
5801
5793
5802
5794
5803
5795
5804
5796
5805
5797
5806
5798
5807
5799
5808
5809
5801
5810
5802
5811
5803
5812
5804
5813
5805
5814
5806
5815
5807
5816
5808
5817
5809
5818
5819
5811
5820
5812
5821
5813
5822
5814
5823
5815
5824
5816
5825
5817
5826
5818
5827
5819
5828
5829
5821
5830
5822
5831
5823
5832
5824
5833
5825
5834
5826
5835
5827
5836
5828
5837
5829
5838
5839
5831
5840
5832
5841
5833
5842
5834
5843
5835
5844
5836
5845
5837
5846
5838
5847
5839
5848
5849
5841
5850
5842
5851
5843
5852
5844
5853
5845
5854
5846
5855
5847
5856
5848
5857
5849
5858
5859
5851
5860
5852
5861
5853
5862
5854
5863
5855
5864
5856
5865
5857
5866
5858
5867
5859
5868
5869
5861
5870
5862
5871
5863
5872
5864
5873
5865
5874
5866
5875
5867
5876
5868
5877
5869
5878
5879
5871
5880
5872
5881
5873
5882
5874
5883
5875
5884
5876
5885
5877
5886
5878
5887
5879
5888
5889
5881
5890
5882
5891
5883
5892
5884
5893
5885
5894
5886
5895
5887
5896
5888
5897
5889
5898
5899
5891
5900
5892
5901
5893
5902
5894
5903
5895
5904
5896
5905
5897
5906
5898
5907
5899
5908
5909
5901
5910
5902
5911
5903
5912
5904
5913
5905
5914
5906
5915
5907
5916
5908
5917
5909
5918
5919
5911
5920
5912
5921
5913
5922
5914
5923
5915
5924
5916
5925
5917
5926
5918
5927
5919
5928
5929
5921
5930
5922
5931
5923
5932
5924
5933
5925
5934
5926
5935
5927
5936
5928
5937
5929
5938
5939
5931
5940
5932
5941
5933
5942
5934
5943
5935
5944
5936
5945
5937
5946
5938
5947
5939
5948
5949
5941
5950
5942
5951
5943
5952
5944
5953
5945
5954
5946
5955
5947
5956
5948
5957
5949
5958
5959
5951
5960
5952
5961
5953
5962
5954
5963
5955
5964
5956
5965
5957
5966
5958
5967
5959
5968
5969
5961
5970
5962
5971
5963
5972
5964
5973
5965
5974
5966
5975
5967
5976
5968
5977
5969
5978
5979
5971
5980
5972
5981
5973
5982
5974
5983
5975
5984
5976
5985
5977
5986
5978
5987
5979
5988
5989
5981
5990
5982
5991
5983
5992
5984
5993
5985
5994
5986
5995
5987
5996
5988
5997
5989
5998
5999
5991
5992
5993
5994
5995
5996
5997
5998
5999
)


// ************************************************************************* //
